7.5293,346.61,-209.87
-0.55822,348.89,-209.87
-13.671,321.93,-209.87
10.181,343.68,-209.87
4.3674,307.59,-209.87
12.348,301.17,-209.87
4.2463,373.07,-209.87
0.94051,340.39,-209.87
-1.0577,343.71,-209.87
17.953,308.69,-209.87
19.286,331.26,-209.87
18.919,308.68,-209.87
-4.7637,349.17,-209.87
8.4923,346.76,-209.87
-5.997,344.99,-209.87
-3.1851,350.23,-209.87
22.273,353.02,-209.87
15.893,366.65,-209.87
16.542,314.35,-209.87
9.65,375.96,-209.87
28.845,326.6,-204.71
-1.9583,297.94,-189.47
28.236,342.14,-209.87
11.597,370.64,-187.41
30.691,352.37,-209.87
5.1594,326.64,-209.87
17.392,306.8,-209.87
1.1022,364.6,-209.87
12.11,351.67,-209.87
10.664,374.45,-209.87
-4.1788,333.12,-209.87
14.623,357.93,-209.87
14.355,317.59,-209.87
17.303,325.72,-209.87
26.46,342.87,-209.87
1.812,327.33,-209.87
22.746,313.44,-209.87
24.433,310.3,-209.87
5.7657,354.26,-209.87
15.109,318.28,-209.87
19.666,368.5,-209.87
25.043,304.64,-209.87
0.464,344.17,-209.87
8.8274,307.61,-209.87
14.647,373.61,-188.31
0.35376,333.61,-209.87
10.318,312.59,-209.87
5.573,343.14,-209.87
16.716,354.01,-209.87
-1.2313,373.27,-209.87
8.7634,371.13,-209.87
16.151,317.23,-209.87
16.34,355.86,-209.87
1.6209,353.46,-209.87
19.955,327.83,-209.87
21.176,337.05,-209.87
27.735,353.91,-209.87
-8.6678,326.88,-209.87
-15.204,318.23,-209.87
-0.37555,334.03,-209.87
-0.11879,326.75,-209.87
-12.549,325.72,-209.87
20.218,367.08,-209.87
21.788,327.38,-209.87
23.319,327.38,-209.87
12.968,317.54,-209.87
5.7746,366.57,-188.99
10.982,302.87,-209.87
13.792,362.32,-209.87
8.2395,367.92,-187.63
-0.18663,378.46,-209.87
-3.488,364.54,-209.87
0.067819,359.74,-209.87
0.69098,355.66,-209.87
17.03,373.8,-209.87
12.62,371.39,-187.5
12.108,300.2,-209.87
4.8594,369.33,-209.87
1.6469,317.59,-209.87
22.464,356.17,-209.87
-18.002,311.04,-209.87
13.53,344.95,-209.87
10.256,304.22,-209.87
26.083,309.04,-209.87
-0.37955,290.91,-193.33
9.4019,322.77,-209.87
11.951,349.15,-209.87
15.511,349.14,-209.87
14.001,351.17,-209.87
21.305,304.06,-209.87
32.161,351.09,-209.87
-4.7683,307.49,-209.87
-1.4795,309.48,-209.87
4.6714,342.57,-209.87
14.854,321.93,-209.87
9.7973,319.72,-209.87
13.119,302.67,-209.87
-0.50341,317.24,-209.87
13.135,301.65,-209.87
13.81,303.36,-209.87
5.1116,332.53,-209.87
2.535,312.93,-209.87
11.39,313.06,-209.87
17.081,362.75,-209.87
9.6113,377.24,-209.87
23.723,303.63,-209.87
19.822,339.24,-209.87
25.663,336.5,-209.87
24.001,375.6,-207.89
25.14,304.02,-209.87
10.541,371.89,-209.87
-1.3796,299.6,-188.99
17.899,361.35,-209.87
5.0875,375.11,-209.87
15.342,361.61,-209.87
5.1957,365.74,-209.87
1.4605,372.02,-209.87
23.37,356.17,-209.87
-2.6661,326.61,-209.87
11.963,375.16,-209.87
2.2133,361.06,-209.87
31.135,340.17,-209.87
15.856,369.82,-209.87
-7.7415,331.62,-209.87
15.005,330.09,-209.87
20.39,305.72,-209.87
-1.9692,313.38,-209.87
-14.031,331.69,-209.87
18.981,362.98,-209.87
-3.4601,292.5,-192.25
32.923,334.2,-209.87
7.1162,303.43,-209.87
6.638,364.29,-209.87
15.946,305.88,-209.87
9.5259,349.41,-209.87
5.0933,308.22,-209.87
-13.193,331.43,-209.87
12.755,372.93,-209.87
8.292,308.27,-209.87
14.787,350.49,-209.87
31.095,328.35,-209.87
17.204,302.62,-209.87
-7.414,304.28,-209.87
-2.0771,352.94,-209.87
-1.6716,351.33,-209.87
25.569,359.84,-209.87
31.353,332.17,-209.87
23.151,324.64,-209.87
5.531,377.65,-209.87
1.6431,328.13,-209.87
7.3705,320.91,-209.87
21.472,343.69,-209.87
-14.53,319.74,-209.87
6.9577,305.03,-209.87
-13.325,335.04,-209.87
12.3,347.05,-209.87
33.573,337.24,-209.87
11.796,370.07,-209.87
3.7768,318.61,-209.87
29.001,332.22,-209.87
18.398,311.56,-209.87
1.7415,319.4,-209.87
5.8505,311.84,-209.87
14.843,328.3,-209.87
28.393,341.45,-209.87
0.085874,304.65,-209.87
-14.506,326.94,-209.87
1.4993,372.8,-209.87
-2.4486,311.27,-209.87
-1.952,367.24,-209.87
25.359,353.51,-209.87
-12.404,340.51,-209.87
23.61,367.24,-209.87
-1.1891,371.21,-209.87
16.376,344.06,-209.87
19.912,333.58,-209.87
12.719,337.09,-209.87
-16.999,307.86,-209.87
27.293,321.04,-209.87
25.667,357.7,-209.87
23.222,352.45,-209.87
16.627,374.48,-209.87
18.329,315.12,-209.87
4.841,354.13,-209.87
-7.6479,346.69,-209.87
2.5035,380.76,-209.87
-5.9332,332.47,-209.87
1.6198,305.52,-209.87
26.479,317.46,-209.87
-11.558,312.82,-209.87
12.651,328.05,-209.87
29.122,356.82,-209.87
-5.7097,361.03,-209.87
12.237,366.57,-209.87
4.803,316.6,-209.87
7.0103,335.59,-209.87
14.024,302.27,-209.87
28.842,327.48,-209.87
1.0319,341.13,-209.87
-0.82972,357.41,-209.87
4.1112,322.42,-209.87
3.0743,370.13,-209.87
12.324,363.63,-209.87
-0.33806,375.47,-209.87
3.0512,370.87,-209.87
16.93,348.38,-209.87
2.9186,350.5,-209.87
-1.3796,290.79,-193.21
8.6204,360.6,-186.41
0.32046,370.52,-209.87
9.5609,304.33,-209.87
20.6,320.78,-209.87
1.0697,308.44,-209.87
16.814,336.82,-209.87
1.3444,383.72,-209.87
31.168,327.08,-209.87
22.812,353.05,-209.87
-6.3208,344.16,-209.87
29.9,334.68,-209.87
-5.4302,356.33,-209.87
-16.657,322.78,-209.87
-1.7631,329.6,-209.87
27.967,327.6,-203.58
1.7968,346.18,-209.87
30.812,353.9,-209.87
21.91,342.8,-209.87
19.861,360,-209.87
17.413,368.45,-209.87
12.643,369.04,-209.87
14.317,332.88,-209.87
18.924,329.04,-209.87
-14.752,337.87,-209.87
3.6473,349.77,-209.87
13.809,342.45,-209.87
21.593,301.33,-209.87
23.64,361.78,-209.87
15.201,307.28,-209.87
34.066,337.45,-209.87
28.476,315.64,-209.87
-11.521,337.06,-209.87
24.087,301.19,-209.36
-5.5824,336.7,-209.87
-4.6063,339.89,-209.87
-3.171,347.32,-209.87
1.8445,334.7,-209.87
14.025,345.36,-209.87
23.573,366.57,-209.87
34.38,344.63,-208.2
8.8269,334.25,-209.87
25.838,344.71,-209.87
-1.9583,372.81,-209.87
16.452,365.33,-209.87
4.4571,309.76,-209.87
13.233,382.06,-193.55
3.7638,317.5,-209.87
-9.5708,322.04,-209.87
